platforms/ben:
  # Lewes, DE
  start_lat: 38.7884337
  start_lon: -75.1620221
  start_heading: 60.0
