platforms/ben:
  # Lewes, DE
  start_lat: 38.7895195
  start_lon: -75.1612315
  start_heading: 60.0
